,y,v_t,a_t,a_t_lower,a_t_upper,a_t_lower_5,a_t_upper_5,F_t,P_t,K_t,P_tt,a_tt,a_t1,P_t1,L_t,R_t,a_hat_t,a_hat_t_lower,a_hat_t_upper,N_t,V_t,D_t,e_t,e_t_std,eta_t,eta_t_std,error,u_t,u_star,r_star
0,1120,1120.0,0.0,0.0,0.0,0.0,0.0,10015099.0,10000000.0,0.9984923763609326,15076.236390674236,1118.3114615242446,0.0,0.0,0.0,-0.0004703563788970818,0.0,0.0,0.0,4.859678169957966e-05,0.0,4.8550210080506215e-05,8.77974243186916,63.48647704305225,-0.6910005562377028,36.93529155355839,0.3539080158610644,0.0005814784046538949,0.08345224674948264,-0.06747195338182982
1,1160,41.68853847575542,1118.3114615242446,906.7361166288732,1329.8868064196158,1031.5527377157223,1205.0701853327669,31644.336390674234,16545.336390674234,0.5228530055555294,7894.557530882937,1140.1084391635106,1118.3114615242446,16545.336390674234,0.4771469944444706,-0.0037467815056013054,1110.529257011893,1016.8728312200043,1204.1856828037814,7.465017729145276e-05,3242.056999245002,5.2008743532305306e-05,49.47074298810708,56.93906391261627,-5.504396709878877,36.16608764842237,0.23435200502819178,0.003276425126704224,0.4543202209773339,-0.4336535900578406
2,963,-177.10843916351064,1140.1084391635106,980.942543510354,1299.2743348166673,1074.8407682657642,1205.3761100612571,24462.657530882934,9363.657530882936,0.3827735199686202,5779.4973780061955,1072.3160184887454,1140.1084391635106,9363.657530882936,0.6172264800313798,0.005659461311937213,1105.024860302014,1017.7007424977126,1192.3489781063156,8.864654641019452e-05,2818.4731384582674,5.3866732086241864e-05,-142.02486030201408,53.08929400979321,8.314314613366959,35.74602306299695,-1.1323676089308734,-0.009406242817538518,-1.2816099517750665,0.6010964805485017
3,1210,137.68398151125461,1072.3160184887454,932.2753273042263,1212.3567096732645,1014.8908413990398,1129.741195578451,22347.597378006198,7248.597378006196,0.3243568986588257,4897.464812849611,1116.974767726735,1072.3160184887454,7248.597378006196,0.6756431013411743,-0.0007423417932100819,1113.339174915381,1029.6144125556877,1197.063937275074,9.616565645545766e-05,2590.916003058911,5.486487812550151e-05,96.66082508461902,50.9010412767648,-1.0905743284049312,35.518305272045296,0.9210177437899575,0.0064018031051472956,0.8642812738854425,-0.07569965694336198
4,1160,43.02523227326492,1116.974767726735,985.7306526035057,1248.2188828499643,1063.156720349329,1170.7928151041413,21465.56481284961,6366.5648128496105,0.29659432995858037,4478.277788044606,1129.7358076641365,1116.974767726735,6366.5648128496105,0.7034056700414196,-0.0039048955658456145,1112.2486005869762,1030.52290849899,1193.974292674962,0.00010020506234659493,2468.6680737469114,5.540110075915492e-05,47.751399413023904,49.68569284760868,-5.736682075783792,35.39536611202251,0.29366491512810466,0.0031625537726355326,0.4248921638744181,-0.3900897977717376
5,1160,30.264192335863527,1129.7358076641365,1002.8859395385584,1256.5856757897145,1077.7196680742572,1181.7519472540157,21046.377788044607,5947.377788044605,0.28258438805669506,4266.74167526804,1138.2879959353966,1129.7358076641365,5947.377788044605,0.7174156119433049,-0.007447387220180842,1106.5119185111923,1025.8806264708758,1187.143210551509,0.00010237510638839395,2402.9942103681847,5.568916954020771e-05,53.488081488807595,49.02034486178352,-10.940956565167674,35.32914426097789,0.20861253830733575,0.003542491654335227,0.4747046271538248,-0.7360490425972491
6,813,-325.28799593539657,1138.2879959353966,1013.7144477871275,1262.8615440836656,1087.2052855988588,1189.3707062719343,20834.841675268042,5735.8416752680405,0.27530046854528106,4156.761774565199,1048.7360582422264,1138.2879959353966,5735.8416752680405,0.7246995314547189,0.011267160892013652,1095.5709619460247,1015.5337807306627,1175.6081431613868,0.0001035408944449197,2367.712988384621,5.584392545204204e-05,-282.5709619460247,48.65915112683965,16.552586066457255,35.29351734430205,-2.253579765633286,-0.018714548112194494,-2.5043289595047384,1.1072827641825305
7,1230,181.26394175777364,1048.7360582422264,925.3625866293205,1172.1095298551322,998.145452071853,1099.3266644125997,20724.8617745652,5625.861774565199,0.2714547308329745,4098.694980847083,1097.9410127618069,1048.7360582422264,5625.861774565199,0.7285452691670256,0.003460256329624217,1112.123548012482,1032.4073624613434,1191.8397335636205,0.00010416717749105149,2348.759259144188,5.592706320879633e-05,117.87645198751807,48.463999619760955,5.0834625738509365,35.27436304365841,1.2591155821570574,0.007806904562389434,1.0439215499212766,0.3390336641776405
8,1370,272.05898723819314,1097.9410127618069,975.2058863139308,1220.6761392096828,1047.6121668258063,1148.2698586978074,20666.79498084708,5567.794980847082,0.2694077618714962,4067.7877964977197,1171.2358156106743,1097.9410127618069,5567.794980847082,0.7305922381285038,-0.013282110013422815,1117.207010586333,1037.6638047543838,1196.750216418282,0.00010450362840224114,2338.5769629559504,5.597172635940695e-05,252.7929894136671,48.35883541769745,-19.512747820719454,35.264068700852015,1.8924591399576878,0.01674236634304703,2.2378578140539434,-1.299275916263554
9,1140,-31.235815610674308,1171.2358156106743,1048.8418184789718,1293.6298127423768,1121.0468533843732,1221.4247778369754,20635.887796497722,5536.88779649772,0.26831352501526146,4051.2659142054326,1162.8548238174476,1171.2358156106743,5536.88779649772,0.7316864749847385,-0.01608400002166089,1097.6942627656133,1018.2441403667445,1177.144385164482,0.00010468437609506075,2333.106843891264,5.599572023535864e-05,42.305737234386655,48.3022447086185,-23.62900443182201,35.25853714720714,-0.21744091732027743,0.002801890008238072,0.3744326098131317,-1.572002131210048
10,995,-167.8548238174476,1162.8548238174476,1040.643572848521,1285.0660747863742,1112.7407986017474,1212.9688490331478,20619.36591420543,5520.365914205433,0.267727239391113,4042.4135875664147,1117.9155152183207,1162.8548238174476,5520.365914205433,0.732272760608887,-0.010847543413025126,1074.0652583337915,994.6651871468905,1153.4653295206924,0.00010478147712042013,2330.168194098654,5.600861019218693e-05,-79.0652583337914,48.27181573235725,-15.936126028075211,35.25556513525132,-1.168950641580143,-0.005236456608635765,-0.6996971598699011,-1.0597151389723318
11,935,-182.9155152183207,1117.9155152183207,995.8022910818732,1240.028739354768,1067.8416869494297,1167.9893434872117,20610.513587566413,5511.513587566415,0.267412724294814,4037.664724127396,1069.001578978,1117.9155152183207,5511.513587566415,0.732587275705186,-0.0026927561883270555,1058.1291323057162,978.7559625936632,1137.5023020177691,0.00010483364159886386,2328.5894967245235,5.6015534916952914e-05,-123.12913230571617,48.25546079693493,-3.955928116271277,35.25396841164745,-1.2741076921547825,-0.008154787224698071,-1.0895781615617957,-0.2629945183995472
12,1110,40.998421022,1069.001578978,946.9409741433261,1191.0621838126738,1018.9493278142855,1119.0538301417146,20605.764724127395,5506.764724127395,0.2672438901371856,4035.1154971813644,1079.9581565014014,1069.001578978,5506.764724127395,0.7327561098628144,-0.00639013984357278,1054.1732041894447,974.8144902159016,1133.5319181629877,0.0001048616653277713,2327.741391106306,5.601925500800702e-05,55.826795810555176,48.24667233194748,-9.38775444419277,35.25311059214105,0.2856095747627238,0.0036973836552457234,0.4939987529384966,-0.6240249974956814
13,994,-85.95815650140139,1079.9581565014014,957.9258074773431,1201.9905055254596,1029.9174919338018,1129.998821069001,20603.215497181365,5504.215497181364,0.26715322654050633,4033.7465675351054,1056.9941576445783,1079.9581565014014,5504.215497181364,0.7328467734594937,-0.0030266422778232605,1044.785449745252,965.4345027509322,1124.1363967395716,0.00010487672019662662,2327.2857729799703,5.602125351017403e-05,-50.785449745251995,48.241950343865376,-4.446440170350152,35.25264974691415,-0.5988521186041892,-0.0033634975657495193,-0.4493810002813062,-0.29554359081186826
14,1020,-36.99415764457831,1056.9941576445783,934.9769846332107,1179.011330655946,1006.9597161626327,1107.0285991265239,20601.846567535104,5502.846567535105,0.2671045311155082,4033.011315313057,1047.11285051291,1056.9941576445783,5502.846567535105,0.7328954688844918,-0.001679598793161896,1040.3390095749019,960.9922354603392,1119.6857836894646,0.00010488480795243528,2327.0410064407724,5.602232714274204e-05,-20.339009574901947,48.23941341310829,-2.4674985870341413,35.25240216979164,-0.2577389581706202,-0.0013470434846613649,-0.17997038388161637,-0.1640020437887497
15,960,-87.11285051290997,1047.11285051291,925.1038293183706,1169.1218717074494,997.0817517702855,1097.1439492555346,20601.111315313057,5502.111315313057,0.2670783741274807,4032.6163709508314,1023.8468920323118,1047.11285051291,5502.111315313057,0.7329216258725193,0.0034777964639986936,1037.8715109878679,958.5269787126098,1117.2160432631258,0.00010488915284541636,2326.9095132993716,5.602290391814417e-05,-77.87151098786775,48.238050471586966,5.109230785260481,35.252269166034615,-0.6069276183678383,-0.00515739525716059,-0.6890450359297073,0.3395774734167354
16,1180,156.15310796768824,1023.8468920323118,901.8422498513046,1145.851534213319,973.81758895083,1073.8761951137935,20600.71637095083,5501.716370950831,0.26706432300135097,4032.404212997398,1065.5498160962593,1023.8468920323118,5501.716370950831,0.732935676998649,-0.0055969275724852925,1042.9807417731283,963.6374138818336,1122.324069664423,0.00010489148700280979,2326.838872735951,5.602321377262738e-05,137.01925822687173,48.23731825812823,-8.222446296738143,35.25219771373316,1.0879513393067226,0.009074724036483987,1.212409742930185,-0.546486660887868
17,799,-266.5498160962593,1065.5498160962593,943.547526317938,1187.5521058745803,1015.521477642556,1115.5781545499626,20600.5042129974,5501.504212997398,0.26705677473303563,4032.290241694105,994.3658819039085,1065.5498160962593,5501.504212997398,0.7329432252669643,0.010017238629010845,1034.7582954763902,955.4156146101301,1114.1009763426503,0.00010489274095561393,2326.8009233102453,5.602338023222397e-05,-235.75829547639017,48.23692489483804,14.716325269879832,35.25215932816687,-1.8571178406737254,-0.015614166201496136,-2.0860952939452972,0.9780820811382691
18,958,-36.36588190390853,994.3658819039085,872.3648558556007,1116.3669079522163,944.3380616561581,1044.393702151659,20600.390241694105,5501.3902416941055,0.26705271973729805,4032.229015313463,984.6542742358243,994.3658819039085,5501.3902416941055,0.732947280262702,0.016075561746188804,1049.47462074627,970.132287476082,1128.8169540164579,0.00010489341460240375,2326.780536172294,5.6023469657418054e-05,-91.47462074627002,48.23671357143118,23.61660776132597,35.25213870670881,-0.2533707052758173,-0.00605832311717796,-0.8094078860317967,1.5696110456739487
19,1140,155.34572576417565,984.6542742358243,862.6539270797342,1106.6546213919144,934.626732375059,1034.6818160965897,20600.329015313462,5501.329015313463,0.2670505413396065,4032.1961236867182,1026.1394343959414,984.6542742358243,5501.329015313463,0.7329494586603935,0.01164422381040471,1073.091228507596,993.7490819731177,1152.4333750420744,0.00010489377649799977,2326.7695838222626,5.602351769829704e-05,66.90877149240401,48.2366000441808,17.10652919986556,35.252127628472685,1.0823363143938176,0.004431337935784093,0.592038137232903,1.1369351236953777
20,1100,73.86056560405859,1026.1394343959414,904.1394519513481,1148.1394168405348,976.1120420890102,1076.1668267028726,20600.29612368672,5501.296123686718,0.2670493710700204,4032.1784537862386,1045.8638519873812,1026.1394343959414,5501.296123686718,0.7329506289299796,0.010995025698441099,1090.1977577074615,1010.8557114910641,1169.539803923859,0.00010489397091505094,2326.763700015938,5.6023543506751556e-05,9.80224229253858,48.236539055118136,16.15279225357982,35.25212167703656,0.5146072463961073,0.0006491981119636121,0.08673451628880689,1.0735468092420037
21,1210,164.13614801261883,1045.8638519873812,923.8640654720044,1167.8636385027578,995.8365400233122,1095.8911639514502,20600.27845378624,5501.278453786239,0.2670487423812045,4032.1689612138066,1089.6962038934462,1045.8638519873812,5501.278453786239,0.7329512576187955,0.004130369096086052,1106.3505499610412,1027.0085576374368,1185.6925422846457,0.00010489407535951007,2326.760539125648,5.6023557371533776e-05,103.64945003895883,48.23650629062647,6.06792523906002,35.25211847981387,1.1435830026113227,0.006864656602355045,0.9171354402396771,0.40328622034544537
22,1150,60.30379610655382,1089.6962038934462,967.696522634722,1211.6958851521704,1039.6689350909887,1139.7234726959036,20600.268961213806,5501.2689612138065,0.2670484046383859,4032.163861634989,1105.80023643734,1089.6962038934462,5501.2689612138065,0.7329515953616141,0.001641361559169773,1112.418475200101,1033.0765118287234,1191.7604385714787,0.00010489413146901784,2326.758841036542,5.602356481995288e-05,37.5815247998989,48.23648868892242,2.4113242665763135,35.25211676220621,0.4201537135133297,0.0024890075369162793,0.3325376640979261,0.160261300377368
23,1250,144.1997635626601,1105.80023643734,983.8006117243999,1227.7998611502799,1055.7729908220836,1155.8274820525962,20600.263861634987,5501.263861634989,0.2670482231968056,4032.161122048567,1144.3085270821477,1105.80023643734,5501.263861634989,0.7329517768031943,-0.007310900215339969,1114.8297994666775,1035.4878516489794,1194.1717472843757,0.00010489416161208996,2326.7579287914627,5.602356882138229e-05,135.1702005333226,48.23647923295668,-10.740443506355948,35.25211583947536,1.0046809249049395,0.008952261774509742,1.1960446356315537,-0.7138306612255874
24,1260,115.69147291785225,1144.3085270821477,1022.3089327466414,1266.308121417654,1094.2812939234816,1194.335760240814,20600.261122048567,5501.261122048567,0.267048125723054,4032.1596502923926,1175.2037180869997,1144.3085270821477,5501.261122048567,0.7329518742769461,-0.017636792263798707,1104.0893559603214,1024.7474164983507,1183.4312954222921,0.00010489417780550943,2326.757438716423,5.602357097102465e-05,155.91064403967852,48.23647415303511,-25.910211514746678,35.25211534376716,0.8060555778443411,0.01032589204845874,1.3795650604067413,-1.722042667927627
25,1220,44.79628191300026,1175.2037180869997,1053.2041400708122,1297.203296103187,1125.1764916202442,1225.2309445537553,20600.25965029239,5501.2596502923925,0.26704807335835257,4032.1588596377646,1187.1664788654841,1175.2037180869997,5501.2596502923925,0.7329519266416474,-0.027029523938374846,1078.1791444455748,998.8372094724567,1157.5210794186928,0.00010489418650491583,2326.757175438989,5.6023572125852555e-05,141.82085555442512,48.236471424006425,-39.70907361786649,35.252115077463486,0.31210851830154474,0.00939273167457614,1.254892482475933,-2.6391415677694083
26,1030,-157.16647886548412,1187.1664788654841,1065.1669096163373,1309.166048114631,1137.139255993747,1237.1937017372213,20600.258859637765,5501.2588596377645,0.26704804522706366,4032.1584348834344,1145.195477909236,1187.1664788654841,5501.2588596377645,0.7329519547729364,-0.026468554945215796,1038.4700708277085,959.1281382660858,1117.812003389331,0.00010489419117839887,2326.7570340014504,5.6023572746247594e-05,-8.47007082770847,48.23646995792136,-38.884954070016526,35.25211493440019,-1.0950238656411475,-0.0005609689931590483,-0.07494686241544417,-2.5843689366419165
27,1100,-45.19547790923593,1145.195477909236,1023.1959133699063,1267.1950424485656,1095.1682569688094,1195.2226988496625,20600.258434883435,5501.258434883434,0.26704803011441264,4032.158206697516,1133.126114563495,1145.195477909236,5501.258434883434,0.7329519698855873,-0.03311898763892453,999.5851167576919,920.2431854915694,1078.9270480238145,0.00010489419368908097,2326.7569580185723,5.602357307953535e-05,100.41488324230812,48.23646917031318,-48.65510474034402,35.25211485754392,-0.31488984035994017,0.006650432693708731,0.8885144610384025,-3.2337119279796673
28,774,-359.1261145634951,1133.126114563495,1011.1265525543668,1255.1256765726234,1083.0988946606046,1183.1533344663856,20600.258206697516,5501.258206697516,0.26704802199561545,4032.158084111797,1037.222196022343,1133.126114563495,5501.258206697516,0.7329519780043845,-0.0214009922738442,950.930012017348,871.5880814471923,1030.2719425875036,0.00010489419503786614,2326.7569171991554,5.602357325858375e-05,-176.93001201734793,48.23646874719536,-31.440197749504513,35.252114816255315,-2.5021345218962394,-0.011717995365080332,-1.5655535209711533,-2.0895760551648004
29,840,-197.22219602234304,1037.222196022343,915.2226353724859,1159.2217566722002,987.1949766768362,1087.24941536785,20600.258084111796,5501.258084111797,0.26704801763404656,4032.1580182564685,984.554399541143,1037.222196022343,5501.258084111797,0.7329519823659534,-0.016136417516056035,919.4898142678435,840.1478840715741,998.8317444641127,0.00010489419576245864,2326.756895270205,5.602357335477188e-05,-79.4898142678435,48.236468519888604,-23.70601097283792,35.2521147940743,-1.374103543597093,-0.005264574757788165,-0.7033603687843071,-1.5755471106095398
30,874,-110.55439954114297,984.554399541143,862.5548396215117,1106.5539594607742,934.527180495073,1034.581618587213,20600.25801825647,5501.258018256469,0.2670480152909306,4032.157982877761,955.0310665620002,984.554399541143,5501.258018256469,0.7329519847090694,-0.01469368599112024,895.7838032950056,816.4418732995949,975.1257332904162,0.00010489419615172322,2326.756883489564,5.602357340644593e-05,-21.783803295005562,48.23646839777519,-21.586494089554744,35.252114782158245,-0.7702641765298209,-0.0014427315249357945,-0.19275254387192606,-1.434679936951428
31,694,-261.0310665620002,955.0310665620002,833.0315070346599,1077.0306260893406,905.0038476767933,1005.0582854472071,20600.25798287776,5501.257982877761,0.2670480140321651,4032.15796387166,885.3232386359201,955.0310665620002,5501.257982877761,0.7329519859678348,-0.0027592989982431703,874.1973092054509,794.8553793179453,953.5392390929564,0.00010489419636084343,2326.756877160785,5.602357343420621e-05,-180.1973092054509,48.23646833217355,-4.053686158319041,35.252114775756716,-1.8186782302761815,-0.01193438699287707,-1.594463981759546,-0.2694157824847962
32,940,54.67676136407988,885.3232386359201,763.3236793193257,1007.3227979525145,835.2960198371318,935.3504574347085,20600.25796387166,5501.25796387166,0.2670480133559328,4032.1579536612294,899.924559134934,885.3232386359201,5501.25796387166,0.7329519866440672,-0.0073858555220439655,870.1436230471318,790.8016932175948,949.4855528766687,0.00010489419647318667,2326.756873760846,5.602357344911953e-05,69.85637695286822,48.236468296931164,-10.850560347434788,35.252114772317704,0.38094866235820685,0.004626556523800796,0.6181195347692338,-0.7211491197555887
33,833,-66.92455913493404,899.924559134934,777.9249999315563,1021.9241183383118,849.8973403825714,949.9517778872967,20600.25795366123,5501.257953661229,0.26704801299264824,4032.157948175996,882.0524885975409,899.924559134934,5501.257953661229,0.7329519870073518,-0.005644477768570426,859.293062699697,779.9511329013018,938.6349924980921,0.00010489419653353954,2326.756871934336,5.602357345713125e-05,-26.29306269969697,48.2364682779983,-8.292302289806813,35.25211477047019,-0.46628257877089563,-0.0017413777534735393,-0.23265242761442126,-0.5511223663886475
34,701,-181.0524885975409,882.0524885975409,760.0529294549852,1004.0520477400966,832.025269870119,932.0797073249628,20600.257948175997,5501.257948175996,0.267048012797485,4032.1579452292262,833.7027813055283,882.0524885975409,5501.257948175996,0.732951987202515,0.004290005336925973,851.0007604098902,771.6588306282249,930.3426901915553,0.00010489419656596223,2326.7568709531015,5.602357346143529e-05,-150.00076040989012,48.23646826782722,6.302446840477947,35.25211476947768,-1.2614445635297677,-0.009934483105496399,-1.327271815026394,0.4188727442432596
35,916,82.29721869447167,833.7027813055283,711.7032221956474,955.7023404154093,783.6755625915051,883.7300000195515,20600.257945229227,5501.257945229227,0.2670480126926397,4032.1579436461666,855.6800900080185,833.7027813055283,5501.257945229227,0.7329519873073602,0.0004025430712373927,857.3032072503681,777.9612774776906,936.6451370230457,0.00010489419658338031,2326.7568704259634,5.6023573463747506e-05,58.69679274963187,48.236468262363104,0.5913760259548536,35.25211476894449,0.5733883026261628,0.00388746226568858,0.5193746913984818,0.039303988612783086
36,692,-163.6800900080185,855.6800900080185,733.6805309156911,977.6796491003458,805.6528713011933,905.7073087148437,20600.257943646167,5501.2579436461665,0.26704801263631484,4032.1579427957176,811.969647263244,855.6800900080185,5501.2579436461665,0.7329519873636852,0.011389666938799677,857.8945832763229,778.5526535084737,937.2365130441722,0.00010489419659273763,2326.7568701427754,5.602357346498967e-05,-165.89458327632295,48.236468259427696,16.732559699790603,35.25211476865804,-1.1404060851123994,-0.010987123867562286,-1.4679072562002147,1.112078114448548
37,1020,208.03035273675596,811.969647263244,689.9700881803467,933.9692063461414,761.9424285602857,861.9968659662023,20600.257942795717,5501.257942795717,0.26704801260605604,4032.1579423388407,867.5237395233315,811.969647263244,5501.257942795717,0.732951987393944,0.0017616877995264499,874.6271429761135,795.2852132108582,953.9690727413689,0.00010489419659776453,2326.756869990641,5.602357346565698e-05,145.37285702388644,48.236468257850724,2.588095546284307,35.25211476850416,1.4494070729210273,0.009627979139273227,1.2863221177222408,0.1720098100167896
38,1050,182.47626047666847,867.5237395233315,745.5241804455002,989.5232986011629,817.4965208224505,917.5509582242125,20600.25794233884,5501.257942338841,0.2670480125898005,4032.157942093398,916.2536622284446,867.5237395233315,5501.257942338841,0.7329519874101995,-0.009681769480929352,877.2152385223978,797.8733087585359,956.5571682862598,0.00010489419660046509,2326.7568699089124,5.602357346601547e-05,172.78476147760216,48.23646825700357,-14.22348754443331,35.25211476842149,1.271364390333342,0.011443457280455802,1.5288745426305475,-0.9453203510106776
39,969,52.74633777155543,916.2536622284446,794.2541031533348,1038.2532213035543,866.2264435286796,966.2808809282095,20600.257942093398,5501.257942093398,0.2670480125810677,4032.157941961542,930.3394669012681,916.2536622284446,5501.257942093398,0.7329519874189323,-0.016702648282309277,862.9917509779646,783.6498212148513,942.3336807410778,0.00010489419660191589,2326.7568698650057,5.602357346620806e-05,106.0082490220355,48.236468256548456,-24.537860591540557,35.252114768377076,0.367498848280179,0.0070208788013799255,0.9380069854097663,-1.6308334306071173
40,831,-99.33946690126811,930.3394669012681,808.3399078276204,1052.3390259749158,880.3122482021028,980.3666856004335,20600.257941961543,5501.257941961541,0.2670480125763763,4032.1579418907054,903.8110596948877,930.3394669012681,5501.257941961541,0.7329519874236237,-0.01620898046414755,838.453890386424,759.1119606237128,917.795820149135,0.0001048941966026953,2326.7568698414184,5.602357346631152e-05,-7.453890386423895,48.236468256303965,-23.812613199879166,35.252114768353216,-0.692126528920593,-0.0004936678181617256,-0.06595525645824508,-1.582632093432105
41,726,-177.81105969488772,903.8110596948877,781.8115006220254,1025.81061876775,853.7838409960444,953.838278393731,20600.257941890704,5501.257941890705,0.26704801257385596,4032.1579418526517,856.3269695897167,903.8110596948877,5501.257941890705,0.7329519874261441,-0.010338308420532433,814.6412771865447,735.2993474240496,893.9832069490398,0.00010489419660311396,2326.756869828746,5.602357346636711e-05,-88.64127718654471,48.2364682561726,-15.188008900604196,35.252114768340405,-1.2388605998141868,-0.005870672043615121,-0.7843364829016374,-1.0094242962592055
42,456,-400.32696958971667,856.3269695897167,734.3274105172763,978.326528662157,806.2997508910464,906.3541882883869,20600.25794185265,5501.257941852651,0.267048012572502,4032.157941832208,749.4204479816104,856.3269695897167,5501.257941852651,0.732951987427498,0.012408447542507535,799.4532682859405,720.1113385235615,878.7951980483194,0.00010489419660333886,2326.75686982194,5.6023573466396964e-05,-343.45326828594045,48.23646825610204,18.22925028469782,35.25211476833352,-2.789192699932092,-0.022746755963039968,-3.039023545672537,1.211551050593095
43,824,74.57955201838956,749.4204479816104,627.4208889093968,871.4200070538241,699.3932292830331,799.4476666801878,20600.257941832206,5501.2579418322075,0.26704801257177463,4032.157941821225,769.3367691266146,749.4204479816104,5501.2579418322075,0.7329519874282253,0.01199004358003574,817.6825185706383,738.3405888083216,897.024448332955,0.00010489419660345967,2326.756869818284,5.602357346641301e-05,6.317481429361651,48.23646825606413,17.614573023430506,35.252114768329825,0.5196171076537546,0.0004184039624717962,0.05589981690665491,1.1706984170483394
44,702,-67.33676912661463,769.3367691266146,647.3372100545228,891.3363281987064,719.3095504280873,819.363987825142,20600.257941821226,5501.257941821224,0.26704801257138383,4032.1579418153246,751.354618758374,769.3367691266146,5501.257941821224,0.7329519874286161,0.020818250189352176,835.2970915940689,755.9551618317856,914.639021356352,0.00010489419660352452,2326.7568698163204,5.602357346642161e-05,-133.2970915940688,48.2364682560438,30.584091353177282,35.252114768327836,-0.46915456402449157,-0.008828206609316432,-1.1794705053925896,2.032677561152843
45,1120,368.64538124162596,751.354618758374,629.3550596863477,873.3541778304004,701.3274000598735,801.3818374568746,20600.257941815325,5501.257941815325,0.26704801257117394,4032.157941812155,849.800635162493,751.354618758374,5501.257941815325,0.7329519874288261,0.003988074876235157,865.8811829472461,786.5392531849808,945.2231127095113,0.00010489419660355927,2326.7568698152672,5.602357346642624e-05,254.1188170527539,48.236468256032865,5.858880800677069,35.25211476832677,2.5684579964161625,0.01683017531311702,2.2485535580305407,0.3893924916545313
46,1100,250.199364837507,849.800635162493,727.8010760905017,971.8001942344843,799.7734164640068,899.8278538609792,20600.257941812153,5501.257941812155,0.2670480125710612,4032.157941810452,916.615878288891,849.800635162493,5501.257941812155,0.7329519874289387,-0.011129478355904512,871.7400637479232,792.3981339856675,951.0819935101788,0.00010489419660357778,2326.756869814704,5.602357346642871e-05,228.25993625207684,48.236468256027024,-16.35031665265932,35.25211476832621,1.7432106626448796,0.015117553232139667,2.019742960273859,-1.0866735059677737
47,832,-84.61587828889105,916.615878288891,794.6163192169187,1038.6154373608633,866.5886595904126,966.6430969873695,20600.25794181045,5501.257941810452,0.26704801257100064,4032.1579418095375,894.019376159893,916.615878288891,5501.257941810452,0.7329519874289994,-0.009580385893141162,855.3897470952638,776.0478173330132,934.7316768575143,0.0001048941966035874,2326.756869814406,5.602357346643002e-05,-23.38974709526382,48.236468256023926,-14.07454491561368,35.25211476832591,-0.5895430684168962,-0.00154909246276335,-0.20696263134882334,-0.9354213372902802
48,764,-130.019376159893,894.019376159893,772.0198170879307,1016.0189352318553,843.9921574614187,944.0465948583673,20600.257941809537,5501.257941809537,0.26704801257096805,4032.1579418090464,859.2979601606764,894.019376159893,5501.257941809537,0.732951987429032,-0.004459834718914384,841.3152021796501,761.9732724174021,920.6571319418981,0.00010489419660359196,2326.756869814256,5.6023573466430676e-05,-77.31520217965013,48.236468256022384,-6.551943185557121,35.25211476832577,-0.9058822472214303,-0.005120551174226778,-0.6841184567406752,-0.4354547513422332
49,821,-38.29796016067644,859.2979601606764,737.2984010887196,981.2975192326332,809.2707414622045,909.3251788591484,20600.257941809046,5501.257941809046,0.26704801257095057,4032.1579418087827,849.0705660142463,859.2979601606764,5501.257941809046,0.7329519874290494,-0.0035483002468239826,834.763258994093,755.421329231846,914.1051887563399,0.00010489419660359328,2326.7568698141936,5.602357346643094e-05,-13.763258994092967,48.23646825602176,-5.212807892609113,35.25211476832573,-0.2668328616781401,-0.0009115344720904011,-0.12178328759824873,-0.34645324301265307
50,768,-81.07056601424631,849.0705660142463,727.0710069422925,971.0701250862002,799.0433473157755,899.0977847127172,20600.257941808784,5501.257941808783,0.26704801257094113,4032.157941808641,827.4208324821406,849.0705660142463,5501.257941808783,0.7329519874290589,0.0005281585320013579,829.5504511014838,750.2085213392368,908.8923808637308,0.00010489419660359196,2326.756869814194,5.602357346643093e-05,-61.550451101483795,48.23646825602176,0.7759176993631949,35.25211476832577,-0.5648418619866767,-0.004076458778825339,-0.5446250987147059,0.05156898331826843
51,845,17.579167517859446,827.4208324821406,705.4212734101882,949.4203915540928,777.3936137836704,877.4480511806107,20600.25794180864,5501.257941808641,0.26704801257093613,4032.1579418085644,832.1153142304365,827.4208324821406,5501.257941808641,0.7329519874290639,-0.00044366948304288244,830.326368800847,750.984439038599,909.668298563095,0.00010489419660358738,2326.756869814256,5.6023573466430676e-05,14.673631199152986,48.236468256022384,-0.6517948375382986,35.25211476832591,0.12247909692919372,0.0009718280150442404,0.129838655888409,-0.04331953908453544
52,864,31.884685769563475,832.1153142304365,710.1157551584851,954.1148733023879,782.0880955319667,882.1425329289063,20600.257941808566,5501.257941808564,0.2670480125709334,4032.157941808524,840.6300561966472,832.1153142304365,5501.257941808564,0.7329519874290666,-0.0027170270588221545,829.6745739633087,750.3326442010581,909.0165037255592,0.00010489419660357775,2326.7568698144064,5.6023573466430005e-05,34.325426036691226,48.23646825602397,-3.9915844521156267,35.25211476832621,0.22214974144593505,0.002273357575779272,0.3037262637252513,-0.26528838328286797
53,862,21.36994380335284,840.6300561966472,718.6304971246961,962.6296152685982,790.6028374981775,890.6572748951169,20600.257941808522,5501.257941808524,0.267048012570932,4032.1579418085016,846.336857218085,840.6300561966472,5501.257941808524,0.732951987429068,-0.005122286379890231,825.6829895111931,746.3410597489375,905.0249192734487,0.00010489419660355924,2326.756869814704,5.6023573466428704e-05,36.31701048880688,48.23646825602704,-7.5251509206967375,35.25211476832678,0.1488905214540552,0.002405259321068076,0.3213486671263898,-0.5001360100631962
54,698,-148.33685721808502,846.336857218085,724.3372981461342,968.3364162900357,796.3096385196154,896.3640759165546,20600.2579418085,5501.2579418085015,0.2670480125709312,4032.1579418084902,806.7237943069774,846.336857218085,5501.2579418085015,0.7329519874290689,0.002835713394299873,818.1578385904963,738.815908828231,897.4997683527615,0.00010489419660352446,2326.7568698152672,5.602357346642623e-05,-120.15783859049637,48.236468256032886,4.165946547565943,35.252114768327836,-1.0335053861298058,-0.007957999774190103,-1.0632086935609792,0.2768768236536062
55,845,38.276205693022575,806.7237943069774,684.7242352350268,928.723353378928,756.6965756085079,856.7510130054469,20600.25794180849,5501.25794180849,0.26704801257093075,4032.157941808484,816.9453789660553,806.7237943069774,5501.25794180849,0.7329519874290693,0.0013338778514203646,822.3237851380624,742.9818553757791,901.6657149003456,0.00010489419660345955,2326.756869816322,5.602357346642161e-05,22.676214861937694,48.2364682560438,1.9595999515216576,35.252114768329825,0.2666812920688483,0.0015018355428795082,0.20064898853945207,0.1302387834347644
56,744,-72.94537896605527,816.9453789660553,694.9458198941047,938.9449380380058,766.9181602675858,866.9725976645248,20600.257941808486,5501.257941808484,0.2670480125709305,4032.157941808481,797.4654604869369,816.9453789660553,5501.257941808484,0.7329519874290695,0.006651010448915826,824.283385089584,744.9414553272672,903.6253148519007,0.00010489419660333863,2326.756869818287,5.6023573466412976e-05,-80.28338508958397,48.2364682560642,9.77099945050224,35.25211476833353,-0.508231355770605,-0.0053171325974954615,-0.7103822270527334,0.6493994248100144
57,796,-1.4654604869368768,797.4654604869369,675.4659014149863,919.4650195588874,747.4382417884674,847.4926791854064,20600.25794180848,5501.257941808481,0.26704801257093047,4032.1579418084784,797.0741121763991,797.4654604869369,5501.257941808481,0.7329519874290695,0.00917133527440667,834.0543845400863,754.7124547777071,913.3963143024654,0.00010489419660311351,2326.756869821947,5.6023573466396944e-05,-38.05438454008626,48.23646825610208,13.473608651630839,35.25211476834042,-0.010210283100328607,-0.0025203248254908445,-0.3367217065965341,0.8954819568681833
58,1040,242.92588782360087,797.0741121763991,675.0745531044486,919.0736712483496,747.0468934779296,847.1013308748686,20600.25794180848,5501.257941808479,0.26704801257093036,4032.1579418084775,861.9469877217205,797.0741121763991,5501.257941808479,0.7329519874290696,-0.0035759994370499117,847.5279931917171,768.1860634292218,926.8699229542124,0.00010489419660269443,2326.7568698287605,5.602357346636705e-05,192.47200680828294,48.23646825617275,-5.253500772970025,35.252114768353245,1.6925342642721646,0.012747334711456582,1.7030758318083454,-0.3491577701440579
59,759,-102.94698772172046,861.9469877217205,739.94742864977,983.9465467936709,811.919769023251,911.97420642019,20600.25794180848,5501.257941808477,0.2670480125709303,4032.157941808477,834.4551992504711,861.9469877217205,5501.257941808477,0.7329519874290698,0.0019392328577210651,842.274492418747,762.9325626560353,921.6164221814585,0.00010489419660191429,2326.756869841444,5.6023573466311414e-05,-83.27449241874699,48.23646825630421,2.8489269912780166,35.252114768377126,-0.7172611601162159,-0.005515232294770978,-0.7368488425738305,0.18934516973891893
60,781,-53.45519925047108,834.4551992504711,712.4556401785205,956.4547583224215,784.4279805520016,884.4824179489406,20600.25794180848,5501.257941808477,0.2670480125709303,4032.157941808477,820.1800945290497,834.4551992504711,5501.257941808477,0.7329519874290698,0.006186098173968832,845.123419410025,765.7814896469109,924.4653491731391,0.00010489419660046211,2326.756869865054,5.6023573466207845e-05,-64.12341941002504,48.23646825654896,9.08799682737761,35.252114768421585,-0.3724376893113002,-0.004246865316247767,-0.5673918387470115,0.6040057562537088
61,865,44.81990547095029,820.1800945290497,698.1805354570993,942.1796536010002,770.1528758305802,870.2073132275192,20600.25794180848,5501.257941808477,0.2670480125709303,4032.157941808477,832.149161208684,820.1800945290497,5501.257941808477,0.7329519874290698,0.0054715751086931615,854.2114162374027,774.8694864735393,933.553346001266,0.00010489419659775899,2326.7568699090025,5.6023573466015074e-05,10.788583762597337,48.236468257004496,8.038290992181123,35.25211476850433,0.3122731233408418,0.0007145230652756697,0.09546207040839395,0.5342402866114643
62,845,12.85083879131605,832.149161208684,710.1496021367334,954.1487202806344,782.1219425102145,882.1763799071534,20600.25794180848,5501.257941808477,0.2670480125709303,4032.157941808477,835.5809521677743,832.149161208684,5501.257941808477,0.7329519874290698,0.006614015484187153,862.2497072295838,782.9077774643256,941.591636994842,0.00010489419659272727,2326.7568699908093,5.6023573465656244e-05,-17.249707229583784,48.23646825785248,9.716650147819346,35.25211476865836,0.08953547591738878,-0.001142440375493992,-0.15263289439239094,0.6457872656075988
63,944,108.41904783222571,835.5809521677743,713.5813930958238,957.5805112397247,785.5537334693048,885.6081708662438,20600.25794180848,5501.257941808477,0.2670480125709303,4032.157941808477,864.5340434162028,835.5809521677743,5501.257941808477,0.7329519874290698,0.0018432596313096858,871.9663573774031,792.6244276095485,951.3082871452577,0.00010489419658336103,2326.7568701430882,5.6023573464988294e-05,72.03364262259689,48.236468259430936,2.7079327243570592,35.25211476894508,0.7553865707760808,0.004770755852877468,0.6373849260654898,0.17997441947443357
64,984,119.46595658379715,864.5340434162028,742.5344843442524,986.5336024881533,814.5068247177334,914.5612621146723,20600.25794180848,5501.257941808477,0.2670480125709303,4032.157941808477,896.4371896917909,864.5340434162028,5501.257941808477,0.7329519874290698,-0.0053973331164378305,874.6742901017602,795.3323603290727,954.0162198744478,0.00010489419656592634,2326.756870426547,5.6023573463744944e-05,109.32570989823977,48.23646826236916,-7.929222081358817,35.25211476947878,0.8323535492394861,0.007240592747747517,0.9673613187438701,-0.526991357007894
65,897,0.5628103082091229,896.4371896917909,774.4376306198403,1018.4367487637413,846.4099709933214,946.4644083902604,20600.25794180848,5501.257941808477,0.2670480125709303,4032.157941808477,896.5874870660525,896.4371896917909,5501.257941808477,0.7329519874290698,-0.007401103695919824,866.7450680204014,787.4031382387177,946.0869978020851,0.00010489419653347271,2326.7568709541874,5.6023573461430525e-05,30.25493197959863,48.236468267838475,-10.872961439675814,35.25211477047224,0.00392126067527733,0.0020037705794819943,0.2677087660911351,-0.722637939243308
66,822,-74.58748706605252,896.5874870660525,774.5879279941021,1018.587046138003,846.560268367583,946.614705764522,20600.25794180848,5501.257941808477,0.2670480125709303,4032.157941808477,876.6690468824032,896.5874870660525,5501.257941808477,0.7329519874290698,-0.005157769264452474,855.8721065807255,776.5301767822958,935.2140363791551,0.00010489419647306225,2326.756871936359,5.602357345712237e-05,-33.872106580725514,48.23646827801927,-7.577278826407129,35.25211477232151,-0.5196723934046936,-0.0022433344314673497,-0.2997150965038261,-0.5036005312943349
67,1010,133.33095311759678,876.6690468824032,754.6694878104527,998.6686059543537,826.6418281839337,926.6962655808727,20600.25794180848,5501.257941808477,0.2670480125709303,4032.157941808477,912.2748129266454,876.6690468824032,5501.257941808477,0.7329519874290698,-0.015867430317878635,848.2948277543184,768.9528979247171,927.6367575839195,0.00010489419636061184,2326.756873764611,5.602357344910301e-05,161.7051722456816,48.236468296970216,-23.3108418799955,35.25211477576381,0.9289549527280722,0.010709661053426162,1.4308375297753015,-1.549283407793355
68,771,-141.27481292664538,912.2748129266454,790.2752538546949,1034.2743719985958,862.2475942281759,962.3020316251149,20600.25794180848,5501.257941808477,0.2670480125709303,4032.157941808477,874.5476549082548,912.2748129266454,5501.257941808477,0.7329519874290698,-0.012292095138441393,824.9839858743229,745.6420559866979,904.325915761948,0.00010489419615129219,2326.7568771677925,5.602357343417546e-05,-53.98398587432292,48.23646833224622,-18.05831696788425,35.25211478217144,-0.9843021001146549,-0.003575335179437242,-0.4776737313558281,-1.200190496034398
69,676,-198.5476549082548,874.5476549082548,752.5480958363044,996.5472139802052,824.5204362097853,924.5748736067243,20600.25794180848,5501.257941808477,0.2670480125709303,4032.157941808477,821.5258982643865,874.5476549082548,5501.257941808477,0.7329519874290698,-0.0036209467904422723,806.9256689064387,727.5837389108057,886.2675989020717,0.0001048941957616563,2326.7568835026086,5.602357340638871e-05,-130.92566890643872,48.2364683979104,-5.319532929838742,35.25211479409886,-1.3833384001754738,-0.008671148347999121,-1.1584871290886323,-0.35354639576581814
70,649,-172.52589826438646,821.5258982643865,699.5263391924359,943.5254573363369,771.498679565917,871.5531169628559,20600.25794180848,5501.257941808477,0.2670480125709303,4032.157941808477,775.4532000158675,821.5258982643865,5501.257941808477,0.7329519874290698,0.006486089170654488,801.6061359766,722.2642057799167,880.9480661732832,0.00010489419503637265,2326.756895294486,5.602357335466537e-05,-152.6061359766,48.2364685201403,9.528713600608508,35.25211481630103,-1.2020373658111152,-0.010107035961096762,-1.3503253098274413,0.6332966457505899
71,846,70.54679998413246,775.4532000158675,653.453640943917,897.452759087818,725.425981317398,825.480418714337,20600.25794180848,5501.257941808477,0.2670480125709303,4032.157941808477,794.292582744869,775.4532000158675,5501.257941808477,0.7329519874290698,0.004176985890782212,811.1348495772085,731.7929190062822,890.4767801481347,0.00010489419368630093,2326.756917244354,5.602357325838549e-05,34.8651504227915,48.236468747663885,6.136409972148147,35.25211485762903,0.4915197687559872,0.0023091032798722762,0.3085019798581986,0.40783762008260543
72,812,17.707417255130963,794.292582744869,672.2930236729185,916.2921418168195,744.2653640463996,844.3198014433385,20600.25794180848,5501.257941808477,0.2670480125709303,4032.157941808477,799.021313330616,794.292582744869,5501.257941808477,0.7329519874290698,0.004526099047240033,817.2712595493566,737.9293282817996,896.6131908169136,0.00010489419117322397,2326.756958102707,5.602357307916631e-05,-5.271259549356638,48.23646917118528,6.6492921103003315,35.252114934558605,0.12337264959523846,-0.00034911315645782095,-0.04664239190722099,0.44192475963839906
73,742,-57.02131333061595,799.021313330616,677.0217542586654,921.0208724025664,748.9940946321465,849.0485320290854,20600.25794180848,5501.257941808477,0.2670480125709303,4032.157941808477,783.7938849314907,799.021313330616,5501.257941808477,0.7329519874290698,0.009951660452608398,823.920551659657,744.578619095364,903.26248422395,0.00010489418649528302,2326.7570341580636,5.602357274556063e-05,-81.92055165965697,48.23646995954475,14.619984370926996,35.25211507775836,-0.3972838278806545,-0.005425561405368366,-0.7248685919114444,0.9716723398418395
74,801,17.206115068509348,783.7938849314907,661.7943258595401,905.7934440034411,733.7666662330212,833.8211036299601,20600.25794180848,5501.257941808477,0.2670480125709303,4032.157941808477,788.3887437646029,783.7938849314907,5501.257941808477,0.7329519874290698,0.012437953321711248,838.5405360305839,759.1986010524954,917.8824710086724,0.00010489417778757855,2326.757175730515,5.602357212457381e-05,-37.540536030583944,48.23647142702826,18.272597224925992,35.25211534431605,0.11987993362654041,-0.0024862928691028506,-0.3321749559983134,1.2144320805702078
75,1040,251.61125623539715,788.3887437646029,666.3891846926524,910.3883028365533,738.3615250661334,838.4159624630723,20600.25794180848,5501.257941808477,0.2670480125709303,4032.157941808477,855.5810296827408,788.3887437646029,5501.257941808477,0.7329519874290698,0.00030556927346368204,856.81313325551,777.471193784287,936.155072726733,0.00010489416157871272,2326.7574392590805,5.602357096864436e-05,183.18686674449,48.23647415866008,0.44891181964549526,35.25211584049709,1.75304771455321,0.012132384048247567,1.6209169197398547,0.02983554830960894
76,860,4.418970317259209,855.5810296827408,733.5814706107903,977.5805887546912,805.5538109842713,905.6082483812103,20600.25794180848,5501.257941808477,0.2670480125709303,4032.157941808477,856.7611069235747,855.5810296827408,5501.257941808477,0.7329519874290698,0.00012423574641921007,857.2620450751555,777.9200972402348,936.6039929100762,0.00010489413140688815,2326.7579298015853,5.6023568816951523e-05,2.7379549248444817,48.23647924342723,0.1825147350644615,35.2521167641081,0.030788232336085422,0.00018133352704447194,0.024226614206904556,0.012130284256482113
77,874,17.238893076425256,856.7611069235747,734.7615478516243,978.7606659955252,806.7338882251053,906.7883256220442,20600.25794180848,5501.257941808477,0.2670480125709303,4032.157941808477,861.3647190585568,856.7611069235747,5501.257941808477,0.7329519874290698,-0.0009722236343199164,857.44455981022,778.1025964067836,936.7865232136563,0.00010489407524385942,2326.758842916825,5.602356481170529e-05,16.55544018978007,48.23648870841271,-1.428293741179389,35.25211848335414,0.12010830739933709,0.0010964593807391266,0.14648972968873358,-0.09492720527157665
78,848,-13.36471905855683,861.3647190585568,739.3651599866064,983.3642781305073,811.3375003600873,911.3919377570263,20600.25794180848,5501.257941808477,0.2670480125709303,4032.157941808477,857.7956973954003,861.3647190585568,5501.257941808477,0.7329519874290698,-0.0004413099268531643,856.0162660690405,776.6742736857609,935.3582584523201,0.00010489397069977422,2326.760542625681,5.6023557356181385e-05,-8.016266069040489,48.2365063269064,-0.6483284135399836,35.25212168362655,-0.0931158269776674,-0.000530913707466752,-0.07093141071710252,-0.04308920027475431
79,890,32.20430260459966,857.7956973954003,735.7961383234499,979.7952564673508,807.7684786969309,907.8229160938698,20600.25794180848,5501.257941808477,0.2670480125709303,4032.157941808477,866.3957924021915,857.7956973954003,5501.257941808477,0.7329519874290698,-0.0027349758878108133,855.3679376555004,776.0258913280213,934.7099839829795,0.00010489377609727515,2326.7637065310378,5.602354347817402e-05,34.632062344499545,48.23653912265099,-4.017953076782866,35.252127640739545,0.22437660351314256,0.0022936659609576492,0.30643959684475075,-0.2670414280832656
80,744,-122.39579240219155,866.3957924021915,744.3962333302411,988.395351474142,816.3685737037221,916.423011100661,20600.25794180848,5501.257941808477,0.2670480125709303,4032.157941808477,833.7102392941421,866.3957924021915,5501.257941808477,0.7329519874290698,0.0043747654578887435,851.3499845787176,772.0078378374677,930.6921313199673,0.00010489341385647912,2326.7695959497273,5.602351764510169e-05,-107.34998457871761,48.23660016988891,6.426967934184352,35.25213872954283,-0.8527665548509968,-0.007109741345699557,-0.9498797170316235,0.42715024941373253
81,749,-84.71023929414207,833.7102392941421,711.7106802221915,955.7097983660925,783.6830205956726,883.7374579926116,20600.25794180848,5501.257941808477,0.2670480125709303,4032.157941808477,811.0885382462335,833.7102392941421,5501.257941808477,0.7329519874290698,0.011579014250053914,857.776952512902,778.4346188578223,937.1192861679815,0.00010489273956712031,2326.780558746837,5.602346955839813e-05,-108.77695251290191,48.236713805428714,17.010729834754205,35.252159370670974,-0.5902005085770875,-0.007204248792165171,-0.9625065678542065,1.1305736889786226
82,838,26.911461753766503,811.0885382462335,689.0889791742829,933.0880973181839,761.061319547764,861.115756944703,20600.25794180848,5501.257941808477,0.2670480125709303,4032.157941808477,818.2751906229554,811.0885382462335,5501.257941808477,0.7329519874290698,0.01401544595729652,874.7876823476561,795.4450007649465,954.1303639303655,0.00010489148441821281,2326.800965331392,5.602338004790436e-05,-36.787682347656116,48.236925330408376,20.590091655864317,35.252197792851895,0.18749986478581687,-0.0024364317072426067,-0.32551393787341276,1.3684748028677598
83,1050,231.7248093770446,818.2751906229554,696.2756315510048,940.2747496949058,768.2479719244859,868.3024093214249,20600.25794180848,5501.257941808477,0.2670480125709303,4032.157941808477,880.1568404304728,818.2751906229554,5501.257941808477,0.7329519874290698,0.0037748852581456086,895.3777740035204,816.0344447786092,974.7211032284315,0.00010488914803434524,2326.8389509557774,5.6023213429527566e-05,154.62222599647959,48.23731906890948,5.545683932741714,35.25226931330907,1.6144931413706676,0.01024056069915091,1.3681689440715565,0.36858569530078705
84,918,37.84315956952719,880.1568404304728,758.1572813585224,1002.1563995024233,830.1296217320033,930.1840591289423,20600.25794180848,5501.257941808477,0.2670480125709303,4032.157941808477,890.2627809829196,880.1568404304728,5501.257941808477,0.7329519874290698,0.002643913533942819,900.9234579362621,821.5789231785953,980.2679926939289,0.00010488479899691702,2326.9096589008527,5.60229032794846e-05,17.076542063737914,48.238051980784356,3.8841733727153955,35.25240244393311,0.2636641356488689,0.0011309717242027892,0.15110155765136726,0.25816120102272166
85,986,95.7372190170804,890.2627809829196,768.2632219109692,1012.26234005487,840.2355622844501,940.2899996813891,20600.25794180848,5501.257941808477,0.2670480125709303,4032.157941808477,915.8292150504988,890.2627809829196,5501.257941808477,0.7329519874290698,-0.0027334206399112467,904.8076313089774,825.4608525736913,984.1544100442635,0.00010487670352647036,2327.041277469135,5.602232595391582e-05,81.19236869102255,48.23941622230866,-4.015668262093612,35.252650257208344,0.667028635787885,0.005377334173854067,0.718433307325458,-0.26691129679954523
86,797,-118.82921505049876,915.8292150504988,793.8296559785483,1037.8287741224492,865.8019963520293,965.8564337489682,20600.25794180848,5501.257941808477,0.2670480125709303,4032.157941808477,884.0961093358994,915.8292150504988,5501.257941808477,0.7329519874290698,0.004140674535059533,900.7919630468838,821.4410074518191,980.1429186419484,0.00010486163429728243,2327.2862774828945,5.602125129724587e-05,-103.7919630468838,48.241955572747,6.083064959455959,35.25311154201043,-0.8279171885360304,-0.006874095174970779,-0.9184153597211919,0.4043549690511547
87,923,38.90389066410057,884.0961093358994,762.096550263949,1006.0956684078499,834.06889063743,934.1233280343689,20600.25794180848,5501.257941808477,0.2670480125709303,4032.157941808477,894.4853160190243,884.0961093358994,5501.257941808477,0.7329519874290698,0.0030727248699386513,906.8750280063398,827.5162980245973,986.2337579880823,0.00010483358383748341,2327.742330208023,5.6019250888774904e-05,16.124971993660193,48.246682064241725,4.514140106426872,35.25397017972888,0.2710545531084031,0.0010679496651208817,0.1426862536753273,0.30010515748649647
88,975,80.51468398097575,894.4853160190243,772.4857569470737,1016.4848750909747,844.4580973205548,944.5125347174937,20600.25794180848,5501.257941808477,0.2670480125709303,4032.157941808477,915.9866023589203,894.4853160190243,5501.257941808477,0.7329519874290698,-0.0011401920045055708,911.3891681127667,832.015968607847,990.7623676176863,0.00010478136960109983,2328.5912448056383,5.601552724925118e-05,63.61083188723332,48.25547890971178,-1.675056073819134,35.25556842627897,0.5609688725880094,0.0042129168744442225,0.5628966655487414,-0.11138737153928996
89,815,-100.98660235892032,915.9866023589203,793.9870432869698,1037.9861614308709,865.9593836604508,966.0138210573898,20600.25794180848,5501.257941808477,0.2670480125709303,4032.157941808477,889.0183309026798,915.9866023589203,5501.257941808477,0.7329519874290698,0.005132681168482541,909.7141120389475,830.3139854132235,989.1142386646716,0.00010468417595434131,2330.1714480460464,5.600859591922336e-05,-94.7141120389475,48.2718494367685,7.540421904617701,35.25854327273968,-0.7036025935984876,-0.0062728731729881125,-0.8381836097668824,0.5016534094615648
90,1020,130.98166909732015,889.0183309026798,767.0187718307293,1011.0178899746303,838.9911122042104,939.0455496011493,20600.25794180848,5501.257941808477,0.2670480125709303,4032.157941808477,923.9967253183424,889.0183309026798,5501.257941808477,0.7329519874290698,-0.0016721049800329057,917.2545339435652,837.8043084137178,996.7047594734125,0.00010450325585238242,2333.1129009177625,5.5995693667099206e-05,102.74546605643475,48.302307407801564,-2.4564894261663417,35.26408010137135,0.9125868178353737,0.006804786148515448,0.9093627636260201,-0.16356810780102435
91,906,-17.996725318342442,923.9967253183424,801.997166246392,1045.9962843902929,873.969506619873,974.0239440168119,20600.25794180848,5501.257941808477,0.2670480125709303,4032.157941808477,919.1907355892941,923.9967253183424,5501.257941808477,0.7329519874290698,-0.0010894144364605558,914.7980445173989,835.2546469381205,994.3414420966774,0.00010416648401199527,2338.5882377448725,5.5971676904197e-05,-8.798044517398914,48.35895199179644,-1.6004587486042023,35.274384258840335,-0.12538834176498864,-0.0005826905435723501,-0.0778849975847041,-0.10674047309394392
92,901,-18.19073558929415,919.1907355892941,797.1911765173436,1041.1902946612447,869.1635168908247,969.2179542877636,20600.25794180848,5501.257941808477,0.2670480125709303,4032.157941808477,914.3329358029698,919.1907355892941,5501.257941808477,0.7329519874290698,-0.00028157380007439066,913.1975857687947,833.4810440664619,992.9141274711275,0.00010353960357554971,2348.780246482655,5.592697115091062e-05,-12.19758576879471,48.464216144312665,-0.4136600696892873,35.29355681363918,-0.12674006691107492,-0.0008078406363861653,-0.10802270433253701,-0.027671900863381428
93,1170,255.6670641970302,914.3329358029698,792.3333767310194,1036.3324948749203,864.3057171045003,964.3601545014393,20600.25794180848,5501.257941808477,0.2670480125709303,4032.157941808477,982.6083171766312,914.3329358029698,5501.257941808477,0.7329519874290698,-0.017316879072005947,912.7839256991053,832.7460841898901,992.8217672083206,0.00010237270351304334,2367.7520550473287,5.5843754091848997e-05,257.2160743008946,48.659552556998825,-25.440227044683933,35.32921765664038,1.7813056907033535,0.017035305271931558,2.2796208343511717,-1.7115025002549282
94,912,-70.6083171766312,982.6083171766312,860.6087581046806,1104.6078762485818,932.5810984781617,1032.6355358751007,20600.25794180848,5501.257941808477,0.2670480125709303,4032.157941808477,963.752506403634,982.6083171766312,5501.257941808477,0.7329519874290698,-0.01894985485487756,887.3436986544215,806.7111865774674,967.9762107313754,0.00010020058953928777,2403.066930600794,5.568885056356026e-05,24.65630134557852,49.02108659139243,-27.83923176730062,35.39550247788547,-0.49194837666220403,0.0016329757828716152,0.21882433491778305,-1.8930877686496455
95,746,-217.75250640363402,963.752506403634,841.7529473316836,1085.7520654755845,913.7252877051645,1013.7797251021035,20600.25794180848,5501.257941808477,0.2670480125709303,4032.157941808477,905.6021323362048,963.752506403634,5501.257941808477,0.7329519874290698,-0.011432504905402704,859.5044668871209,777.7765342000029,941.2323995742388,9.615733059485827e-05,2468.8034380668755,5.540050700339511e-05,-113.5044668871209,49.687055035158565,-16.79549295652711,35.518558229844956,-1.5171441031715704,-0.007517349949474859,-1.0099686621724477,-1.1658701877185835
96,919,13.397867663795182,905.6021323362048,783.6025732642543,1027.6016914081554,855.5749136377353,955.6293510346743,20600.25794180848,5501.257941808477,0.2670480125709303,4032.157941808477,909.1800062685096,905.6021323362048,5501.257941808477,0.7329519874290698,-0.01648522535506203,842.7089739305939,758.9801404576107,926.4378074035769,8.863104832365518e-05,2591.1679755631476,5.48637728850235e-05,76.29102606940619,50.90351633790289,-24.21844456912163,35.74649092764391,0.09334678280819413,0.005052720449659327,0.6821540090473708,-1.7510637008774188
97,718,-191.1800062685096,909.1800062685096,787.180447196559,1031.1795653404602,859.1527875700401,959.2072249669791,20600.25794180848,5501.257941808477,0.2670480125709303,4032.157941808477,858.1257655512061,909.1800062685096,5501.257941808477,0.7329519874290698,-0.009829782652798828,818.4905293614721,731.1591459093535,905.8219128135908,7.46213285396014e-05,2818.9421700532075,5.3864674747859757e-05,-100.49052936147211,53.09371121002192,-14.440933695226757,36.1669484301733,-1.3320058811030646,-0.0066554427022632034,-0.9068280139454895,-1.1379218240865836
98,714,-144.1257655512061,858.1257655512061,736.1262064792556,980.1253246231565,808.0985468527366,908.1529842496756,20600.25794180848,5501.257941808477,0.2670480125709303,4032.157941808477,819.6372663004927,858.1257655512061,5501.257941808477,0.7329519874290698,-0.0038658383077266167,804.0495956662453,710.3805600584079,897.7186312740826,4.854308149076559e-05,3242.930073224717,5.2004913921191125e-05,-90.04959566624532,56.94673013637146,-5.679303057881172,36.93686046323284,-1.004165503912893,-0.005963944345072212,-0.827011199892575,-0.5548556522079148
99,740,-79.63726630049268,819.6372663004927,697.6377072285422,941.6368253724431,769.6100476020232,869.6644849989622,20600.25794180848,5501.257941808477,0.2670480125709303,4032.157941808477,798.3702926083641,819.6372663004927,5501.257941808477,0.7329519874290698,0.0,798.3702926083641,693.9232796049337,902.8173056117945,0.0,4032.1579418084766,4.854308149076559e-05,-58.37029260836419,63.49927512821289,0.0,38.328840316398825,-0.5548556522079149,-0.0038658383077266167,0.0,0.0
